545
4
54
654
5
456
56
1
21
654
6
4
654
654
6
3
1
65
65
46
1
46
46
46
465
4
464
64
6
46
4
546
46
46
4
64
6
46
3
21
3
654
66564654
4646
4
64
64
646545
454546
54
6
4
6
4
54
65
4654
646
4646
613
86
431
56
61
61
61
65
65
1
61
61
61
6
165
16
1
61
61
6
165
1
61
61
61
6
1
1
61
61
651
6
65
46
465
1
61
61
61
61
631
561
61
6
4
4
4
95
98
9
5
95
9
5
59
9
649
4
949
4
64
64
64
4
6
46
5
61
64
6
1
64
2
16
654
64
8
46
46
4
64
6
46
54
6
498
4
6
6
46
54
64
4
6
54
654
64
9
46
546
4
97
4
8
464
6
59
86
56
59
56
84
65
46
54
8
6
8
94
65
6
46
54
654
6
